13255192 4462381
13255192 6897625
13255192 6956659
13255192 7570113
13255192 7674557
13255192 9152992
13255192 9153681
13255192 9153922
13255192 9159564
13255192 9161438
13255192 9162722
13255192 9162826
13255192 9163278
13255192 9163304
13255192 9164121
13255192 9318280
13255192 9322580
13255192 9528071
13255192 9585829
13255192 9985286
13255192 9997493
13255192 10472233
13255192 10798680
13255192 10905817
13255192 11476527
13255192 11693957
13255192 13052201
13255192 13238289
13255192 13672007
13255192 13899681
13255192 13944118
13255192 14163932
13255192 14782013
13255192 14796874
13255192 15833869
13255192 15964794
13255192 16380944
13255192 16413340
13255192 16478356
13255192 17083779
13255192 17429532
13255192 17715607
13255192 18213914
13255192 18512938
13255192 18732034
13255192 20030193
13255192 20103026
13255192 20128578
13255192 20154095
13255192 20208225
13255192 20225442
13255192 20230952
13255192 22375356
13255192 22725889
13255192 28282800
13255192 31698050
4462381 8998546
4462381 9162722
4462381 9985286
4462381 15048450
4462381 18732034
6897625 97088
6897625 1159230
6897625 1450422
6897625 2462939
6897625 3581877
6897625 3744223
6897625 3814027
6897625 4398342
6897625 5421350
6897625 5483866
6897625 6523975
6897625 7288740
6897625 8370623
6897625 9159564
6897625 12417797
6897625 21173079
6897625 24835007
6956659 172611
6956659 195836
6956659 252962
6956659 605277
6956659 886011
6956659 1073082
6956659 1149687
6956659 1177147
6956659 1195774
6956659 1515092
6956659 1546130
6956659 1651784
6956659 3041643
6956659 3295441
6956659 3744223
6956659 3884317
6956659 4668188
6956659 5202282
6956659 5442083
6956659 5549868
6956659 5550514
6956659 6244455
6956659 6897625
6956659 7110965
6956659 8005911
6956659 8005919
6956659 8027240
6956659 8684262
6956659 9153681
6956659 9619756
6956659 10709657
6956659 11435359
6956659 15964794
6956659 22500116
6956659 26794398
7570113 241138
7570113 387866
7570113 421857
7570113 1367713
7570113 1400393
7570113 4262434
7570113 5362509
7570113 6009609
7570113 7827455
7570113 7868846
7570113 8023899
7570113 8341653
7570113 8654308
7570113 8749313
7570113 9162722
7570113 9164121
7570113 10141467
7570113 10631563
7570113 11437428
7570113 11693957
7570113 11993793
7570113 12546358
7570113 17685459
7570113 17827258
7570113 26846720
7570113 37165571
7674557 7659
7674557 433320
7674557 627285
7674557 648499
7674557 789832
7674557 867483
7674557 1005781
7674557 1019875
7674557 3743928
7674557 4529964
7674557 5202282
7674557 6276527
7674557 7067211
7674557 7410858
7674557 7897486
7674557 12669376
7674557 13879242
9152992 5547703
9152992 9153681
9152992 9163278
9152992 9164121
9152992 9318280
9152992 9322580
9152992 9528071
9152992 9985286
9152992 9997493
9152992 10472233
9152992 11207950
9152992 13944118
9152992 15833869
9153681 773569
9153681 966312
9153681 1177147
9153681 1220845
9153681 1381301
9153681 3120793
9153681 3760952
9153681 5202282
9153681 5549868
9153681 5780122
9153681 6553256
9153681 7287321
9153681 7438744
9153681 7511560
9153681 7830161
9153681 9161438
9153681 9164121
9153681 9318280
9153681 9322580
9153681 9985286
9153681 10005367
9153681 10186223
9153681 12005212
9153681 13192273
9153681 14231395
9153681 15170558
9153681 15345573
9153681 15833869
9153681 15964794
9153681 16469793
9153681 16984648
9153681 22332488
9153681 26139180
9153681 32486130
9153922 773569
9153922 1756788
9153922 5479962
9153922 6523975
9153922 6897625
9153922 8849142
9153922 9161438
9153922 10905817
9153922 14163932
9159564 3581877
9159564 6213976
9159564 7950255
9161438 80
9161438 25254
9161438 227713
9161438 240091
9161438 359395
9161438 421857
9161438 499550
9161438 537395
9161438 743217
9161438 773569
9161438 857372
9161438 1024025
9161438 1067743
9161438 1381301
9161438 1453551
9161438 1590238
9161438 1756788
9161438 1856066
9161438 1908576
9161438 1916678
9161438 2077445
9161438 2507027
9161438 2577440
9161438 2654984
9161438 3240173
9161438 3320660
9161438 3397377
9161438 3427324
9161438 3526486
9161438 3724995
9161438 3889585
9161438 4209276
9161438 4220501
9161438 4462444
9161438 5100735
9161438 5158896
9161438 5479962
9161438 5547703
9161438 5766101
9161438 5785188
9161438 6127678
9161438 6213976
9161438 6523975
9161438 6553256
9161438 6553274
9161438 6566535
9161438 6702087
9161438 6825907
9161438 6897625
9161438 7287321
9161438 7543477
9161438 8121231
9161438 8407172
9161438 8412637
9161438 8611032
9161438 8785750
9161438 8834733
9161438 8849142
9161438 8855628
9161438 8998546
9161438 9023067
9161438 9070991
9161438 9152961
9161438 9152992
9161438 9162826
9161438 9163278
9161438 9164121
9161438 9318280
9161438 9322580
9161438 9985286
9161438 9997493
9161438 10251566
9161438 10768286
9161438 10905817
9161438 11435359
9161438 11607199
9161438 11715538
9161438 13001076
9161438 13409321
9161438 13672007
9161438 14163932
9161438 14850150
9161438 14889516
9161438 14970786
9161438 15052328
9161438 15170869
9161438 15351672
9161438 15380407
9161438 15795462
9161438 16380944
9161438 16398479
9161438 16845939
9161438 17083779
9161438 17702534
9161438 18213914
9161438 18738936
9161438 19227233
9162722 824157
9162722 1168046
9162722 1190634
9162722 3744223
9162722 6441121
9162722 6460942
9162722 7122435
9162722 7842719
9162722 8370623
9162722 8998546
9162722 9163278
9162722 9164121
9162722 9528071
9162722 9985286
9162722 9997493
9162722 10075390
9162722 10445944
9162722 10905817
9162722 11476527
9162722 12222396
9162722 12379241
9162722 13238289
9162722 16090466
9162722 16514493
9162722 17083779
9162722 17702534
9162722 18732034
9162722 23650901
9162722 26470444
9162826 6897625
9162826 9985286
9163278 901975
9163278 1155829
9163278 1381301
9163278 3744223
9163278 4145586
9163278 6026892
9163278 6213976
9163278 6897625
9163278 7777416
9163278 8785750
9163278 9164121
9163278 9322580
9163278 9985286
9163278 10074039
9163278 10905817
9163278 11476527
9163278 11693957
9163278 12382002
9163278 13192256
9163278 15833869
9163278 16478356
9163278 22375356
9163304 19621072
9164121 387866
9164121 421857
9164121 470058
9164121 499550
9164121 773569
9164121 1168046
9164121 1190634
9164121 1756788
9164121 1900250
9164121 1908576
9164121 1924757
9164121 2253266
9164121 2577440
9164121 2973937
9164121 3320660
9164121 3581877
9164121 3659697
9164121 3744223
9164121 4262434
9164121 4462381
9164121 6009609
9164121 6198400
9164121 6213976
9164121 6523975
9164121 6897625
9164121 7122435
9164121 7878475
9164121 7939681
9164121 8023899
9164121 8341653
9164121 8855628
9164121 8998546
9164121 9153922
9164121 9159564
9164121 9162826
9164121 9318280
9164121 9322580
9164121 9985286
9164121 9997493
9164121 10075390
9164121 10133277
9164121 10141467
9164121 10631563
9164121 10905817
9164121 11435359
9164121 11437428
9164121 11476527
9164121 11504366
9164121 11693957
9164121 12222396
9164121 12446953
9164121 12546358
9164121 13221640
9164121 13238289
9164121 14163932
9164121 14789153
9164121 15017238
9164121 15833869
9164121 16380944
9164121 16478356
9164121 17827258
9164121 17960770
9164121 18213914
9164121 18512938
9164121 18732034
9164121 18738936
9164121 19621072
9164121 20030193
9164121 20154095
9164121 24208814
9318280 1435513
9318280 8998546
9318280 9153807
9318280 9162722
9318280 9163278
9318280 9322580
9318280 9528071
9318280 9985286
9318280 10075390
9318280 10472233
9318280 10905817
9318280 11476527
9318280 11693957
9318280 13238289
9318280 16380944
9318280 18213914
9318280 20154095
9322580 2108496
9322580 3320660
9322580 3454027
9322580 3581877
9322580 3744223
9322580 5483866
9322580 6190078
9322580 6213976
9322580 6523975
9322580 6897625
9322580 7570113
9322580 8785750
9322580 8998546
9322580 9153807
9322580 9153922
9322580 9159564
9322580 9162722
9322580 9162826
9322580 9985286
9322580 9997493
9322580 10472233
9322580 10905817
9322580 11476527
9322580 11693957
9322580 13238289
9322580 13789710
9322580 14782013
9322580 15017238
9322580 15170737
9322580 15833869
9322580 16380944
9322580 16478356
9322580 17083779
9322580 18213914
9322580 20154095
9322580 20161706
9528071 6956659
9528071 9162826
9528071 9322580
9528071 9985286
9528071 10905817
9528071 11476527
9528071 13238289
9528071 18213914
9585829 13944118
9985286 1863
9985286 240091
9985286 241138
9985286 331403
9985286 359395
9985286 387866
9985286 396124
9985286 421857
9985286 470058
9985286 490285
9985286 548512
9985286 551151
9985286 773569
9985286 779050
9985286 1073082
9985286 1158375
9985286 1177147
9985286 1294760
9985286 1499332
9985286 1546130
9985286 1726061
9985286 1756788
9985286 1770521
9985286 1908576
9985286 1956886
9985286 2010459
9985286 2108496
9985286 2398785
9985286 2503423
9985286 3304703
9985286 3320660
9985286 3581877
9985286 3744223
9985286 5479962
9985286 5547703
9985286 5547711
9985286 5766101
9985286 5833445
9985286 5842604
9985286 6213976
9985286 6523975
9985286 6897625
9985286 7030671
9985286 7288740
9985286 7564523
9985286 7568594
9985286 7570113
9985286 8005919
9985286 8043071
9985286 8785750
9985286 8793452
9985286 8849142
9985286 8998546
9985286 9023067
9985286 9070991
9985286 9153922
9985286 9154441
9985286 9159564
9985286 9934258
9985286 9997493
9985286 10186223
9985286 10197320
9985286 10403302
9985286 10798680
9985286 10905817
9985286 10917212
9985286 11207950
9985286 11476527
9985286 11504366
9985286 11693957
9985286 12667902
9985286 13052201
9985286 13238289
9985286 13470423
9985286 13899681
9985286 13944118
9985286 15017238
9985286 15170558
9985286 15170737
9985286 15704730
9985286 15833869
9985286 15974765
9985286 16090466
9985286 16380944
9985286 16478356
9985286 16865501
9985286 17083779
9985286 17343422
9985286 17777309
9997493 224198
9997493 387866
9997493 416322
9997493 421857
9997493 551151
9997493 699682
9997493 1149687
9997493 1190634
9997493 1195774
9997493 1381301
9997493 2849195
9997493 2868493
9997493 3035071
9997493 3330489
9997493 3744223
9997493 4225664
9997493 6041819
9997493 6523975
9997493 6897625
9997493 7287321
9997493 8341653
9997493 8785750
9997493 8855628
9997493 8860292
9997493 9136322
9997493 9153681
9997493 9162826
9997493 9163278
9997493 9973040
9997493 10905817
9997493 11435359
9997493 11476527
9997493 11504366
9997493 11693957
9997493 11716717
9997493 12070571
9997493 12692526
9997493 13052201
9997493 14163932
9997493 16413340
9997493 16478356
9997493 17762556
9997493 17848450
9997493 17960770
9997493 18282511
9997493 18732034
9997493 19621072
9997493 19834261
9997493 20241657
10472233 9153922
10472233 9162722
10472233 9162826
10472233 9163278
10472233 9985286
10472233 10905817
10472233 11476527
10472233 13238289
10472233 18512938
10472233 20161494
10798680 8998546
10798680 9161438
10798680 10905817
10798680 13238289
10798680 15017238
10798680 15833869
10798680 20154095
10798680 20161706
10798680 20230952
10798680 25169592
10905817 8998546
11476527 191335
11476527 1310872
11476527 4027957
11476527 8998546
11476527 10905817
11476527 18732034
11693957 1155829
11693957 7240743
11693957 8785750
11693957 9161438
11693957 13213285
11693957 13238289
11693957 14163932
11693957 15833869
11693957 16380944
11693957 17429532
11693957 20154095
11693957 22375356
13052201 490285
13052201 1024025
13052201 1063562
13052201 5952735
13052201 6213976
13052201 6743942
13052201 8785750
13052201 10905817
13052201 13210778
13052201 18100542
13052201 20103026
13052201 25549077
13238289 860892
13238289 2987353
13238289 3320660
13238289 3581877
13238289 3744223
13238289 4462381
13238289 5483866
13238289 6213976
13238289 6523975
13238289 6897625
13238289 7570113
13238289 8785750
13238289 8998546
13238289 9152992
13238289 9153681
13238289 9153922
13238289 9159564
13238289 9161438
13238289 9162826
13238289 9163278
13238289 9585829
13238289 9997493
13238289 10075390
13238289 10186223
13238289 10905817
13238289 11476527
13238289 13192256
13238289 13899681
13238289 13944118
13238289 14782013
13238289 15017238
13238289 15170558
13238289 15170737
13238289 15704730
13238289 15833869
13238289 15974765
13238289 16380944
13238289 16478356
13238289 17715607
13238289 17960770
13238289 18100542
13238289 18213914
13238289 18282511
13238289 18512938
13238289 18629135
13238289 18732034
13238289 19227233
13238289 20030193
13238289 20154095
13672007 8998546
13672007 9162826
13672007 16175763
13672007 16360682
13672007 22534057
13672007 29811454
13944118 2246630
13944118 6897625
13944118 8785750
13944118 9159564
13944118 9322580
13944118 17715607
13944118 18629135
13944118 25203466
14163932 3744223
14163932 6897625
14163932 7570113
14163932 7939681
14163932 9153681
14163932 9162722
14163932 9162726
14163932 9322580
14163932 9985286
14163932 10197320
14163932 10680608
14163932 10905817
14163932 11476527
14163932 12120155
14163932 13052201
14163932 18100542
14163932 18213914
14163932 19408436
14163932 20128578
14163932 20157648
14163932 20225442
14163932 20230952
14163932 26536908
14782013 16380944
14782013 20140561
14796874 470058
14796874 6897625
14796874 9985286
15833869 121025
15833869 396124
15833869 490285
15833869 860892
15833869 884870
15833869 1499332
15833869 1726061
15833869 1756788
15833869 1908576
15833869 2398785
15833869 3320660
15833869 3581877
15833869 3889585
15833869 5483866
15833869 5766101
15833869 6213976
15833869 6523975
15833869 6897625
15833869 7570113
15833869 8034220
15833869 8370623
15833869 8785750
15833869 8998546
15833869 9153922
15833869 9159564
15833869 9161438
15833869 9162722
15833869 9162826
15833869 9997493
15833869 10075390
15833869 10186223
15833869 10905817
15833869 11476527
15833869 13115574
15833869 13192256
15833869 13899681
15833869 13944118
15833869 14978502
15833869 15017238
15833869 15170558
15833869 15170737
15833869 15974765
15833869 16261331
15833869 16380944
15833869 16413340
15833869 16478356
15833869 17141809
15833869 17715607
15833869 18213914
15833869 18282511
15833869 18629135
15833869 18732034
15833869 18824134
15833869 19227233
15833869 20030193
15833869 20154095
15964794 1381301
15964794 2013252
15964794 5202282
15964794 5442083
15964794 5549868
15964794 7067211
15964794 7674557
15964794 12669376
15964794 13879242
15964794 14231395
15964794 16469793
15964794 20313556
15964794 32486130
16380944 1400393
16380944 3581877
16380944 3744223
16380944 7570113
16380944 7878475
16380944 8785750
16380944 9152992
16380944 9159564
16380944 9162722
16380944 9162826
16380944 9163278
16380944 9528071
16380944 9626858
16380944 10472233
16380944 11476527
16380944 11751936
16380944 13641886
16380944 17429532
16380944 17592931
16380944 18213914
16380944 20154095
16380944 26846720
16413340 6897625
16413340 9985286
16413340 18282511
16413340 20241657
16478356 13944118
16478356 14221210
17083779 66577
17083779 100155
17083779 104009
17083779 227486
17083779 242242
17083779 304657
17083779 327019
17083779 396124
17083779 671378
17083779 730395
17083779 773569
17083779 823858
17083779 830358
17083779 929502
17083779 950533
17083779 1026848
17083779 1101448
17083779 1269143
17083779 1360604
17083779 1456490
17083779 1573299
17083779 1833474
17083779 2267900
17083779 2395166
17083779 2583078
17083779 4027957
17083779 4462381
17083779 6184536
17083779 11476527
17429532 9152992
17429532 9162826
17429532 9163278
17429532 9164121
17429532 9322580
17429532 9528071
17429532 9985286
17429532 18213914
17429532 20154095
18213914 2455487
18213914 3320660
18213914 3744223
18213914 5381087
18213914 8121231
18213914 8547538
18213914 8998546
18213914 9152992
18213914 9153922
18213914 9162722
18213914 9162826
18213914 9163278
18213914 9985286
18213914 10197320
18213914 14796874
18213914 15992493
18213914 16478356
18213914 18732034
18213914 20154095
18512938 6897625
18512938 8022370
18512938 8998546
18512938 9152992
18512938 9153922
18512938 9162826
18512938 9322580
18512938 9985286
18512938 12751866
18512938 13944118
18512938 15017238
18512938 17538098
18512938 18213914
20154095 3581877
20154095 3744223
20154095 6897625
20154095 7249608
20154095 7545379
20154095 7570113
20154095 8785750
20154095 9152992
20154095 9153922
20154095 9159564
20154095 9161438
20154095 9162826
20154095 9163278
20154095 9985286
20154095 10905817
20154095 13899681
20154095 14328296
20154095 14782013
20154095 16478356
20154095 21002820
20154095 22375356
20154095 40716959
22725889 773569
22725889 860892
22725889 1073082
22725889 4096485
22725889 6441121
22725889 7511560
22725889 9985286
22725889 10905817
22725889 14215374
22725889 15007108
22725889 15017238
22725889 15974765
22725889 19227233
22725889 20299625
22725889 22994178
22725889 23236638
22725889 23376858
22725889 24190486
22725889 24956677
22725889 25758401
22725889 25898707
22725889 26134111
22725889 26575579
22725889 27944376
22725889 28282800
22725889 28559085
22725889 29223454
22725889 30297886
22725889 30789532
22725889 31698050
22725889 34029822
22725889 38777533
28282800 860892
28282800 3112825
28282800 6897625
28282800 7320657
28282800 7570113
28282800 8370623
28282800 9985286
28282800 10905817
28282800 15017238
28282800 15686994
28282800 19227233
28282800 23288182
28282800 28870020
28282800 36195560
31698050 24227153
31698050 28559085
31698050 30789532
31698050 35375565
8998546 499550
8998546 548512
8998546 726566
8998546 860892
8998546 1073082
8998546 1908576
8998546 3055937
8998546 3468160
8998546 3724995
8998546 3744223
8998546 4027957
8998546 4262434
8998546 4427974
8998546 4645762
8998546 5479962
8998546 5842604
8998546 6213976
8998546 6441121
8998546 6523975
8998546 6897625
8998546 7455711
8998546 7570113
8998546 7939681
8998546 8043071
8998546 8436963
8998546 9152992
8998546 9162826
8998546 9163305
8998546 10910802
8998546 12237826
8998546 15017238
8998546 15170558
8998546 15170737
8998546 15822762
8998546 15974765
8998546 16116055
8998546 16175763
8998546 16789608
8998546 16813003
8998546 17141809
8998546 17765068
8998546 18286571
8998546 18738936
8998546 19227233
8998546 20299625
8998546 20335051
8998546 21833174
8998546 22147140
8998546 22267136
8998546 22534057
8998546 22901465
8998546 22982321
8998546 23280521
8998546 23555984
8998546 24190486
8998546 24208814
8998546 25195216
8998546 25838282
8998546 26117796
8998546 26698541
8998546 27622680
8998546 29811454
8998546 29849957
15048450 464518
15048450 975318
15048450 6736052
15048450 8281688
15048450 9383774
15048450 9893890
15048450 10049570
15048450 32947108
97088 2
97088 80
97088 3379
97088 3508
97088 27694
97088 40503
97088 46170
97088 47073
97088 47596
97088 48036
97088 56582
97088 62246
97088 71531
97088 79419
97088 85097
97088 95886
97088 131846
97088 138614
97088 141269
97088 171001
97088 177466
97088 182098
97088 191056
97088 201867
97088 220033
97088 223020
97088 224266
97088 227107
97088 231686
97088 234804
97088 236391
97088 238907
97088 240083
97088 248201
97088 248957
97088 255685
97088 293426
97088 293536
97088 314997
97088 341662
97088 351686
97088 379079
97088 384403
97088 396729
97088 406394
97088 406636
97088 423952
97088 438022
97088 443987
97088 488157
97088 490265
97088 493439
97088 495958
97088 499550
97088 513813
97088 562883
97088 578029
97088 588541
97088 595296
97088 611993
97088 619560
97088 641267
97088 654420
97088 708984
97088 715855
97088 731885
97088 752538
97088 764352
97088 791114
97088 805273
97088 898975
97088 910280
97088 932195
97088 990736
97088 992712
97088 1000017
97088 1036540
97088 1063152
97088 1077496
97088 1109289
97088 1149904
97088 1207975
97088 1226044
97088 1235080
97088 1268691
97088 1274579
97088 1306056
97088 1323402
97088 1519291
97088 1622701
97088 1643404
97088 1650078
97088 1672422
97088 1702533
97088 1742765
97088 1826308
97088 1898728
97088 1940746
97088 2073521
97088 2541057
1159230 66073
1159230 196648
1159230 241138
1159230 245270
1159230 252193
1159230 387866
1159230 416322
1159230 453203
1159230 470025
1159230 536313
1159230 551151
1159230 568948
1159230 897308
1159230 1158375
1159230 1249753
1159230 1286539
1159230 1386972
1159230 1505408
1159230 1509844
1159230 1546973
1159230 1569982
1159230 1900250
1159230 1916678
1159230 2100019
1159230 2148970
1159230 2212940
1159230 2232328
1159230 2577440
1159230 2718714
1159230 4534987
1159230 6061320
1159230 6808503
1159230 6830199
1159230 9053054
1159230 9736254
1450422 7855941
2462939 421857
2462939 551151
2462939 590159
2462939 699682
2462939 1063562
2462939 1381301
2462939 1900250
2462939 1924757
2462939 2220731
2462939 2973937
2462939 3096243
2462939 3814027
2462939 4156491
2462939 4701897
2462939 5363877
2462939 7043460
2462939 7671455
2462939 8551989
2462939 9382330
2462939 10133277
2462939 10140621
2462939 10209018
2462939 10492164
2462939 12474011
2462939 13479831
2462939 18079594
2462939 19741072
2462939 20904526
2462939 24663779
3581877 687163
3581877 865735
3581877 1158375
3581877 1330913
3581877 1546130
3581877 1708461
3581877 1908576
3581877 2314398
3581877 4398342
3581877 5038568
3581877 5059343
3581877 5451790
3581877 5483866
3581877 5549868
3581877 5566917
3744223 1303078
3744223 1330913
3744223 1430828
3744223 1546130
3744223 1651784
3744223 1661502
3744223 4398342
3744223 4958441
3744223 7110965
3744223 7939681
3744223 8019177
3744223 8334842
3744223 8676289
3814027 80
3814027 241138
3814027 245270
3814027 387866
3814027 983643
3814027 1192449
3814027 1392192
3814027 1900250
3814027 1924757
3814027 2718714
3814027 3363655
3814027 3704875
3814027 3993091
3814027 5502052
3814027 6445892
3814027 6679551
3814027 6707363
3814027 6993299
3814027 6997335
3814027 7546747
3814027 8594682
3814027 8842949
3814027 10209018
3814027 10492164
3814027 11955272
3814027 13479831
3814027 14948792
3814027 17118335
3814027 19741072
3814027 20904526
3814027 24663779
4398342 119893
4398342 245270
4398342 411425
4398342 551151
4398342 707462
4398342 888911
4398342 1158375
4398342 1159230
4398342 1241515
4398342 1308450
4398342 1330913
4398342 1381301
4398342 1509844
4398342 1522595
4398342 1546130
4398342 1572802
4398342 1631405
4398342 1900250
4398342 1982582
4398342 2183232
4398342 2577440
4398342 2721058
4398342 2819448
4398342 4329145
4398342 4570032
4398342 4700592
4398342 4803565
4398342 5038568
4398342 5059343
4398342 5069487
4398342 5483866
4398342 5545671
4398342 5545743
4398342 5547703
4398342 5549868
4398342 5550514
4398342 5562074
4398342 5952870
4398342 6830199
4398342 6863807
4398342 7110965
4398342 7599642
4398342 7827455
4398342 8036212
4398342 8068448
4398342 8684262
4398342 8858187
4398342 9102141
4398342 9159887
4398342 9464825
4398342 9605204
4398342 10266883
4398342 10893546
4398342 11435359
4398342 13789971
4398342 15018842
4398342 22425901
4398342 29563983
5421350 421857
5421350 1330913
5421350 1430822
5421350 2238671
5421350 2563551
5421350 6184536
5483866 5377830
5483866 5984316
5483866 8139338
5483866 21330106
6523975 421857
6523975 1149687
6523975 1381301
6523975 1924757
6523975 2577440
6523975 2973937
6523975 3320660
6523975 3889585
6523975 5479962
6523975 7287321
6523975 8855628
6523975 10098306
6523975 10713581
6523975 10905817
6523975 11435359
6523975 15100009
6523975 36351432
7288740 163873
7288740 844215
7288740 845425
7288740 1900250
7288740 2600573
7288740 3015152
7288740 3246433
7288740 3346272
7288740 3348483
7288740 3794909
7288740 4290737
7288740 5754972
7288740 5794576
7288740 5842068
7288740 5877145
7288740 6027713
7288740 6229094
7288740 6955413
7288740 6970234
7288740 7609572
7288740 8178931
7288740 8370623
7288740 8575415
7288740 8627453
7288740 8876507
7288740 10000426
7288740 10465610
7288740 10723969
7288740 10738412
7288740 11435359
7288740 12165768
7288740 13957854
7288740 14007936
7288740 17902723
7288740 21173079
7288740 43215381
8370623 241138
8370623 387866
8370623 824157
8370623 1168046
8370623 1310570
8370623 1900250
8370623 1924757
8370623 3068011
8370623 3722398
8370623 3794909
8370623 4156491
8370623 5546216
8370623 6157922
8370623 6460942
8370623 6843015
8370623 7541007
8370623 7842719
8370623 8860935
8370623 8867900
8370623 9029761
8370623 10069808
8370623 10141467
8370623 10266883
8370623 10279606
8370623 10492164
8370623 11435359
8370623 11900929
8370623 16023153
8370623 16090466
8370623 16421565
8370623 17242808
8370623 19333875
8370623 20168304
21173079 1061138
21173079 1988714
21173079 2924182
21173079 3203700
21173079 3274605
21173079 3972732
21173079 5080126
21173079 6211482
21173079 6781736
21173079 9379196
21173079 9409595
21173079 9652856
21173079 10339692
21173079 10361476
21173079 11311884
21173079 11724467
21173079 12182214
21173079 12825919
21173079 13264516
21173079 14010939
21173079 14041622
21173079 14855496
21173079 17784219
21173079 17929318
21173079 18614666
21173079 19190433
21173079 20153915
21173079 20216423
21173079 21241608
21173079 21253930
21173079 21253971
21173079 21254102
21173079 21263731
21173079 21302167
21173079 22023450
21173079 22972516
21173079 24337923
21173079 28616640
21173079 30137416
21173079 32006433
21173079 33242291
21173079 35713803
172611 2621
172611 5274
172611 7171
172611 12631
172611 25254
172611 170270
172611 643505
172611 4324516
195836 1299
195836 2621
195836 4178
195836 7171
195836 10111
195836 21203
195836 40620
195836 86671
195836 92117
195836 97820
195836 98387
195836 133821
195836 135652
195836 138401
195836 177011
195836 221942
195836 222799
195836 259552
195836 283442
195836 317464
195836 318501
195836 360470
195836 885662
195836 972447
195836 1095328
195836 1128849
195836 1156077
195836 1225294
195836 1382556
195836 1420062
195836 1484279
195836 1567113
195836 1687847
195836 1926905
195836 2237452
195836 2688315
195836 3322424
195836 4090971
195836 4324516
195836 5200974
195836 5663952
195836 6043744
195836 6354026
195836 8446613
195836 8923413
195836 9155358
195836 9734877
195836 16836375
252962 820
252962 3508
252962 37787
252962 46673
252962 48578
252962 56883
252962 99933
252962 234659
252962 283907
252962 313125
252962 440695
252962 805273
252962 1141719
252962 6536734
252962 8763098
605277 76055
605277 594141
605277 4132975
605277 4479861
886011 179065
886011 409333
886011 853712
886011 1221545
886011 3432543
1073082 2723
1073082 4732
1073082 7659
1073082 9287
1073082 11427
1073082 21557
1073082 25254
1073082 42987
1073082 58962
1073082 83735
1073082 89353
1073082 106625
1073082 124872
1073082 149645
1073082 195836
1073082 223478
1073082 241076
1073082 275871
1073082 344294
1073082 409951
1073082 489649
1073082 573851
1073082 627917
1073082 639601
1073082 720046
1073082 857880
1073082 910210
1073082 989428
1073082 1143191
1073082 1155229
1073082 1257950
1073082 1445849
1073082 3087023
1073082 5417786
1073082 15097531
1073082 15152540
1149687 22064
1149687 230541
1177147 219043
1177147 773569
1177147 848649
1177147 1128250
1177147 1195774
1177147 1410005
1177147 1546130
1177147 1708081
1177147 1710184
1177147 4610610
1177147 4792879
1177147 5457421
1177147 10925421
1177147 12300920
1177147 15419038
1177147 22989057
1195774 65175
1195774 98177
1195774 172808
1195774 174891
1195774 177333
1195774 231074
1195774 231686
1195774 332938
1195774 343936
1195774 348087
1195774 359395
1195774 396972
1195774 433009
1195774 558657
1195774 711987
1195774 773569
1195774 803995
1195774 1290365
1195774 1488611
1195774 1708081
1195774 2800266
1195774 5241360
1195774 5457421
1195774 6429879
1195774 7287321
1195774 14229306
1515092 1330913
1515092 1430828
1515092 7110965
1515092 13704940
1546130 343936
1546130 740053
1546130 848649
1546130 1109198
1546130 1195774
1546130 1232510
1546130 1243522
1546130 1245781
1546130 1290365
1546130 1330913
1546130 1488611
1546130 1527315
1546130 1695129
1546130 1708461
1546130 1855937
1546130 2648243
1546130 3438510
1546130 3596030
1546130 3655515
1546130 4709280
1546130 4973855
1546130 5241360
1546130 5457421
1546130 5668352
1546130 5996799
1546130 6512044
1546130 7776119
1546130 7828504
1546130 7868041
1546130 10283127
1546130 13961747
1546130 33229754
1546130 36834699
1651784 382802
1651784 832491
1651784 988952
1651784 1303078
1651784 1314073
1651784 1363071
1651784 1381301
1651784 1381921
1651784 1500781
1651784 1546130
1651784 1704487
1651784 1854100
1651784 2003972
1651784 2181059
1651784 2683232
1651784 3339036
1651784 3853009
1651784 5256672
1651784 5305759
1651784 5357170
1651784 5513523
1651784 5547703
1651784 6940583
1651784 7110965
1651784 8043071
1651784 8606417
1651784 11215904
3041643 45707
3041643 61658
3041643 652070
3041643 740461
3041643 2921008
3041643 3124568
3041643 9248805
3295441 47076
3295441 165381
3295441 172611
3295441 361096
3295441 396124
3295441 460133
3295441 611967
3295441 932699
3295441 3368530
3884317 821034
3884317 1310570
3884317 1770521
3884317 2108496
3884317 2872094
3884317 3908999
3884317 4770853
3884317 4957468
3884317 5479962
3884317 5564756
3884317 6318110
3884317 6553274
3884317 7759556
3884317 8085263
4668188 107417
4668188 112334
4668188 131485
4668188 378772
4668188 383994
4668188 775824
4668188 1202528
4668188 1205866
4668188 1306747
4668188 1577682
4668188 4042287
4668188 4704965
4668188 5246059
4668188 7227245
4668188 7283641
4668188 7316699
5202282 622789
5202282 2432030
5202282 5442083
5202282 7067211
5202282 7589353
5202282 7897486
5202282 8177735
5202282 12669376
5202282 14231395
5202282 25764787
5442083 221465
5442083 729648
5442083 6221086
5442083 7897486
5442083 12408747
5442083 13879242
5442083 14231395
5442083 20156958
5549868 1330913
5549868 1430822
5549868 1452591
5549868 1546130
5549868 2314398
5549868 3744223
5549868 3753755
5549868 3884317
5549868 4737330
5549868 5038568
5549868 5059343
5549868 5545743
5549868 5545786
5549868 5546038
5549868 5546251
5549868 5547703
5549868 5550514
5549868 5551082
5549868 5561958
5549868 5562074
5549868 5566917
5549868 5907064
5549868 6028985
5549868 7110965
5549868 7939681
5549868 13255192
5550514 35882
5550514 43829
5550514 102375
5550514 421857
5550514 1200956
5550514 1299233
5550514 1311188
5550514 1381301
5550514 1430822
5550514 1451088
5550514 2174815
5550514 2212940
5550514 2577440
5550514 2840906
5550514 3643298
5550514 3744491
5550514 4620603
5550514 4983224
5550514 5547703
5550514 5753959
5550514 5781796
5550514 7835749
5550514 8036212
5550514 10695116
5550514 13543909
5550514 17280526
6244455 402462
6244455 876707
6244455 1651784
6244455 2283057
6244455 3744223
6244455 4329145
6244455 5059343
6244455 5545743
6244455 5549868
6244455 5550514
6244455 5562074
6244455 6221713
6244455 6863807
6244455 8015991
6244455 8017995
6244455 8019565
6244455 8027240
6244455 8034220
6244455 8036212
6244455 8037334
6244455 8043071
6244455 8044417
6244455 8053821
6244455 16040950
6244455 17592931
7110965 1330913
7110965 1430829
7110965 1546130
7110965 2455487
7110965 3062333
7110965 3816760
7110965 4645363
7110965 4737330
7110965 5545671
7110965 10663723
8005911 1546130
8005919 40902
8005919 1651784
8005919 3294244
8005919 3461891
8005919 5558370
8005919 5576631
8005919 7110965
8005919 12106925
8027240 8018846
8684262 1900250
8684262 3158258
8684262 4537917
8684262 5835678
8684262 6830199
8684262 9102141
8684262 9363289
8684262 10266883
8684262 13579537
8684262 13846874
8684262 13863509
8684262 17445847
8684262 35186021
8684262 43411453
9619756 2104949
9619756 6114748
10709657 1
10709657 1863
10709657 3044
10709657 6292
10709657 7396
10709657 9004
10709657 9113
10709657 10382
10709657 11427
10709657 11690
10709657 13072
10709657 25254
10709657 35811
10709657 41734
10709657 53024
10709657 69369
10709657 73446
10709657 83229
10709657 93194
10709657 114821
10709657 116544
10709657 121766
10709657 128862
10709657 128885
10709657 150953
10709657 155328
10709657 156269
10709657 158528
10709657 170270
10709657 170283
10709657 173412
10709657 181213
10709657 184849
10709657 187109
10709657 197597
10709657 206155
10709657 207870
10709657 220461
10709657 240091
10709657 245270
10709657 285138
10709657 285369
10709657 293850
10709657 307976
10709657 324764
10709657 327019
10709657 340211
10709657 340349
10709657 347918
10709657 348087
10709657 353644
10709657 358450
10709657 359395
10709657 366230
10709657 403133
10709657 411425
10709657 421605
10709657 421857
10709657 423045
10709657 424475
10709657 426686
10709657 436680
10709657 440661
10709657 462272
10709657 470058
10709657 472311
10709657 495647
10709657 496526
10709657 499550
10709657 504314
10709657 504687
10709657 515763
10709657 519108
10709657 520208
10709657 525484
10709657 543961
10709657 544524
10709657 548512
10709657 551151
10709657 558657
10709657 587016
10709657 601971
10709657 603525
10709657 627917
10709657 629429
10709657 639601
10709657 646451
10709657 649249
10709657 672477
10709657 686438
10709657 694227
10709657 707462
10709657 726566
10709657 733097
10709657 760097
10709657 761705
10709657 765222
10709657 773569
10709657 779050
10709657 785251
22500116 416322
22500116 1146021
22500116 1155829
22500116 2051572
22500116 2819727
22500116 2870883
22500116 3352188
22500116 6127678
22500116 6135657
22500116 6435789
22500116 6553274
22500116 6595902
22500116 6839569
22500116 7149281
22500116 8189182
22500116 8266075
22500116 9023067
22500116 10709657
22500116 14269537
22500116 17057269
22500116 22522245
22500116 22522323
22500116 22522860
22500116 22535488
22500116 24877906
22500116 30496124
22500116 37397441
241138 52171
241138 140420
241138 161459
241138 1147434
241138 1704431
387866 417568
387866 486336
387866 713993
387866 1367529
1367713 39831
1367713 119799
1367713 241138
1367713 387866
1367713 403133
1367713 406021
1367713 409579
1367713 421857
1367713 551151
1367713 856507
1367713 1051367
1367713 1251580
1367713 1254657
1367713 1258974
1367713 2036414
1367713 2174815
1367713 2306840
1367713 2577440
1367713 3520613
1367713 4028979
1367713 4057701
1367713 4084993
1367713 4261131
1367713 4350666
1367713 4379720
1367713 4822928
1367713 4983224
1367713 5122190
1367713 5591752
1367713 6019916
1367713 6792642
1367713 6863807
1367713 7032458
1367713 8085263
1367713 9326960
1367713 11435359
1367713 12065237
1367713 14231180
1367713 16164414
1367713 16362692
1400393 1
1400393 2
1400393 3
1400393 70
1400393 1330913
1400393 1439612
1400393 1546973
1400393 3320660
1400393 5071575
1400393 5562840
1400393 6834931
1400393 10563314
5362509 52171
5362509 61658
5362509 210423
5362509 241138
5362509 302108
5362509 421857
5362509 699682
5362509 880094
5362509 924632
5362509 1051367
5362509 1190634
5362509 1258974
5362509 1310570
5362509 1367713
5362509 1498974
5362509 1900250
5362509 2174815
5362509 2420753
5362509 2577440
5362509 3659697
5362509 4057701
5362509 4737593
5362509 5027936
5362509 6663558
5362509 7827455
5362509 11435359
5362509 11437428
5362509 12158528
5362509 25308473
6009609 679954
6009609 3307514
6009609 5362509
6009609 8341653
6009609 10141467
6009609 12546358
7827455 1900250
7827455 2148970
7827455 6830199
7827455 7334548
7827455 12546358
7827455 14792807
7868846 704911
7868846 1024025
7868846 1400393
7868846 5506344
7868846 6834931
7868846 16661199
7868846 19782267
8023899 1400393
8341653 241138
8341653 421857
8341653 446314
8341653 699682
8341653 1190634
8341653 11435359
10141467 3659697
10141467 6952364
10631563 43011
10631563 66577
10631563 178137
10631563 219051
10631563 387866
10631563 421857
10631563 551151
10631563 568948
10631563 648142
10631563 699682
10631563 834085
10631563 888911
10631563 905434
10631563 1147941
10631563 1190634
10631563 1381301
10631563 1435513
10631563 1883357
10631563 1916678
10631563 1924757
10631563 2420753
10631563 2577440
10631563 2973937
10631563 3346272
10631563 4088573
10631563 4454687
10631563 5362509
10631563 5545640
10631563 5951054
10631563 6009609
10631563 6863807
10631563 7827455
10631563 8041160
10631563 8341653
10631563 8749313
10631563 10133277
10631563 10141467
10631563 10396577
10631563 11435359
10631563 11437428
10631563 12546358
10631563 17685459
10631563 17827258
10631563 18479688
10631563 18737159
10631563 33708987
10631563 37165571
11993793 7110965
17685459 1909857
17685459 3048602
17685459 3794909
17685459 3888272
17685459 5130274
17685459 5488815
17685459 6801579
17685459 7472795
17685459 10098306
17685459 10803837
17685459 11643171
17685459 12442482
17685459 13984770
17685459 14306400
17685459 15160174
17685459 15245678
17685459 15264542
17685459 15307797
17685459 15795935
17685459 17310766
17685459 17950138
17685459 18309862
17685459 18500282
17685459 18595686
17685459 20349593
17685459 22268649
17685459 24237996
17685459 25077304
17685459 25342058
17685459 26915160
17685459 32738329
17685459 33708987
17685459 39956983
17827258 35259
17827258 603889
17827258 929040
17827258 1063562
17827258 1149687
17827258 1190634
17827258 1192265
17827258 1192449
17827258 1216528
17827258 1254657
17827258 1811449
17827258 2013252
17827258 2718714
17827258 2849195
17827258 3068011
17827258 3659697
17827258 3772245
17827258 3841843
17827258 4369065
17827258 4872889
17827258 4904336
17827258 5027936
17827258 5080549
17827258 5589040
17827258 5674678
17827258 8341653
17827258 8786476
17827258 10027339
17827258 10141467
17827258 10633528
17827258 11435359
17827258 11979931
17827258 12194915
17827258 12546358
17827258 13096451
17827258 13979878
17827258 14035796
17827258 14367118
17827258 14829222
17827258 14993256
17827258 15160174
17827258 16744148
17827258 17118335
17827258 17130437
17827258 17213634
17827258 19834261
17827258 20360032
17827258 20852189
17827258 22708039
17827258 24854396
17827258 25308473
17827258 25477396
17827258 38483906
26846720 1021782
37165571 24988988
7659 4
7659 46
7659 161
7659 306
7659 344
7659 388
7659 865
7659 1401
7659 1973
7659 2254
7659 2289
7659 2320
7659 2723
7659 2971
7659 3308
7659 3331
7659 3450
7659 4178
7659 4632
7659 4732
7659 5015
7659 5177
7659 5382
7659 6515
7659 8392
7659 8445
7659 9245
7659 10308
7659 12312
7659 12610
7659 13760
7659 15224
7659 15438
7659 16501
7659 17722
7659 17771
7659 18560
7659 20848
7659 22101
7659 23198
7659 25254
7659 26278
7659 27299
7659 28552
7659 29179
7659 30442
7659 32656
7659 37855
7659 38443
7659 40109
7659 40521
7659 40610
7659 41431
7659 42218
7659 44164
7659 45670
7659 45870
7659 46050
7659 51363
7659 52870
7659 53161
7659 54309
7659 58493
7659 59140
7659 59744
7659 60178
7659 66577
7659 72983
7659 74375
7659 79330
7659 83539
7659 90045
7659 97944
7659 107901
7659 109993
7659 112699
7659 112919
7659 117139
7659 117219
7659 119893
7659 129067
7659 144359
7659 147281
7659 165011
7659 166823
7659 167236
7659 169110
7659 170649
7659 173457
7659 174693
7659 175139
7659 183122
7659 185645
7659 185702
7659 187919
7659 193898
7659 198305
7659 198768
7659 214491
7659 237985
433320 7659
433320 35974
433320 58493
433320 72015
433320 100976
433320 219689
433320 329480
433320 350427
433320 552990
433320 587614
433320 733097
433320 809588
433320 839283
433320 1005781
433320 1019875
433320 1065452
433320 1073082
433320 1303079
433320 1573299
433320 1648216
433320 1751623
433320 1969908
433320 2098020
433320 2410234
433320 3365146
433320 3817366
433320 4661301
433320 4710575
433320 5205699
433320 5517281
433320 6276527
433320 10412193
433320 15152540
627285 2
627285 113
627285 161
627285 306
627285 613
627285 658
627285 698
627285 865
627285 887
627285 1788
627285 2016
627285 2142
627285 2320
627285 2621
627285 2963
627285 3124
627285 3192
627285 4178
627285 5226
627285 7659
627285 8392
627285 8759
627285 13760
627285 14554
627285 15008
627285 31008
627285 32063
627285 32656
627285 36901
627285 41431
627285 43429
627285 44164
627285 45212
627285 45670
627285 45707
627285 49038
627285 49688
627285 51363
627285 51388
627285 58493
627285 60632
627285 71051
627285 82469
627285 85499
627285 94272
627285 96925
627285 104009
627285 108380
627285 118992
627285 147458
627285 147686
627285 170649
627285 173412
627285 175139
627285 178316
627285 183400
627285 192281
627285 212465
627285 217368
627285 232113
627285 265901
627285 283886
627285 304604
627285 333454
627285 346853
627285 350282
627285 400641
627285 412899
627285 449862
627285 483012
627285 524382
627285 546885
627285 560681
627285 580013
627285 629993
627285 647626
627285 700826
627285 703357
627285 703563
627285 749864
627285 762769
627285 763698
627285 779005
627285 798747
627285 808798
627285 816489
627285 821238
627285 825073
627285 836692
627285 869950
627285 919444
627285 920838
627285 1037212
627285 1048705
627285 1225294
627285 1515520
627285 1660804
627285 1748143
627285 1834058
627285 2835783
648499 13468
648499 35811
648499 66433
648499 104444
648499 137960
648499 157345
648499 230659
648499 345274
648499 396124
648499 494411
648499 522280
648499 532131
648499 631368
648499 648496
648499 738201
648499 800128
648499 809089
648499 888468
648499 910210
648499 954279
648499 990921
648499 1019875
648499 1064513
648499 1388806
648499 1461390
648499 2088810
648499 2278184
648499 4371178
648499 6276527
648499 7201854
867483 1302
867483 2771
867483 2963
867483 2971
867483 7659
867483 13760
867483 21447
867483 22635
867483 24247
867483 28552
867483 34791
867483 40109
867483 41431
867483 51363
867483 58493
867483 59671
867483 62405
867483 104086
867483 108584
867483 112699
867483 117553
867483 143737
867483 146159
867483 173322
867483 208827
867483 304604
867483 332168
867483 350427
867483 353158
867483 432536
867483 546885
867483 598870
867483 707008
867483 755692
867483 871198
867483 1130717
867483 1896383
1005781 1
1005781 2
1005781 70
1005781 1615
1005781 4732
1005781 7659
1005781 8152
1005781 12631
1005781 25254
1005781 38518
1005781 39130
1005781 39191
1005781 42628
1005781 55348
1005781 58493
1005781 59797
1005781 66577
1005781 69878
1005781 88795
1005781 98681
1005781 110953
1005781 112699
1005781 119893
1005781 144873
1005781 146476
1005781 170270
1005781 216089
1005781 230541
1005781 262641
1005781 350427
1005781 352986
1005781 391730
1005781 475628
1005781 513992
1005781 527391
1005781 546885
1005781 748883
1005781 783207
1005781 794961
1005781 905434
1005781 998922
1005781 1019875
1005781 1024025
1005781 1134162
1005781 1175737
1005781 1185188
1005781 1305617
1005781 1401435
1005781 1488618
1005781 1492421
1005781 1540225
1005781 1625608
1005781 1892823
1005781 2146303
1005781 2321381
1005781 2503423
1005781 2861611
1005781 2908561
1005781 3023340
1005781 3049530
1005781 3831495
1005781 4432890
1005781 4598667
1005781 4978288
1005781 5507202
1005781 6391776
1005781 11504401
1005781 28697170
1019875 4732
1019875 5382
1019875 7659
1019875 20723
1019875 39321
1019875 43288
1019875 49931
1019875 52870
1019875 59437
1019875 82469
1019875 100528
1019875 120170
1019875 135203
1019875 137960
1019875 138476
1019875 139239
1019875 140584
1019875 142608
1019875 157345
1019875 166018
1019875 177122
1019875 181109
1019875 191078
1019875 208827
1019875 219051
1019875 219689
1019875 222272
1019875 223242
1019875 290496
1019875 300310
1019875 308592
1019875 315246
1019875 352545
1019875 352737
1019875 357497
1019875 368504
1019875 412899
1019875 470338
1019875 481100
1019875 499550
1019875 570858
1019875 587614
1019875 618115
1019875 622533
1019875 622780
1019875 627285
1019875 628623
1019875 631368
1019875 633744
1019875 642708
1019875 647626
1019875 667827
1019875 679824
1019875 704044
1019875 733097
1019875 749864
1019875 788291
1019875 834785
1019875 839320
1019875 846514
1019875 850984
1019875 876707
1019875 905059
1019875 958130
1019875 966856
1019875 979135
1019875 990921
1019875 1024755
1019875 1051813
1019875 1073082
1019875 1086417
1019875 1097799
1019875 1101828
1019875 1108799
1019875 1156192
1019875 1165044
1019875 1177128
1019875 1177678
1019875 1243667
1019875 1285927
1019875 1398729
1019875 1441935
1019875 1461390
1019875 1472409
1019875 1492050
1019875 1498281
1019875 1507265
1019875 1570400
1019875 1624785
1019875 1632740
1019875 1645570
1019875 1655789
1019875 1722665
1019875 1753142
1019875 1867102
1019875 1930378
1019875 1959571
1019875 2027392
1019875 2039987
3743928 6232
3743928 13072
3743928 15331
3743928 93194
3743928 119893
3743928 216089
3743928 245270
3743928 424491
3743928 435208
3743928 470058
3743928 557294
3743928 620768
3743928 716640
3743928 726061
3743928 733097
3743928 773569
3743928 788023
3743928 905434
3743928 1019875
3743928 1024025
3743928 1153134
3743928 1445635
3743928 1725475
3743928 1930084
3743928 1982582
3743928 2116987
3743928 2267900
3743928 2831504
3743928 2996789
3743928 3959816
3743928 5378924
3743928 6276527
3743928 6668380
3743928 6939375
3743928 7410858
3743928 9351421
3743928 17962664
4529964 1157147
4529964 1163363
6276527 7659
6276527 25254
6276527 35974
6276527 52870
6276527 72015
6276527 72891
6276527 100976
6276527 137960
6276527 157345
6276527 170270
6276527 212465
6276527 219689
6276527 288367
6276527 327019
6276527 329480
6276527 347290
6276527 350427
6276527 368504
6276527 396124
6276527 435208
6276527 449224
6276527 498212
6276527 587614
6276527 598870
6276527 627285
6276527 639601
6276527 667876
6276527 729648
6276527 756604
6276527 775934
6276527 779050
6276527 789832
6276527 809089
6276527 914329
6276527 948896
6276527 958130
6276527 988437
6276527 1005781
6276527 1014558
6276527 1019875
6276527 1024162
6276527 1065452
6276527 1156192
6276527 1162160
6276527 1269537
6276527 1294760
6276527 1440360
6276527 1472352
6276527 1516898
6276527 1551312
6276527 1753142
6276527 2114189
6276527 2301114
6276527 2355528
6276527 2503423
6276527 2581561
6276527 3095758
6276527 3398317
6276527 3874289
6276527 3970595
6276527 4080924
6276527 4299420
6276527 4371178
6276527 4550173
6276527 4636761
6276527 5044230
6276527 5436953
6276527 6386781
6276527 6468623
6276527 6648210
6276527 6724396
6276527 7059686
6276527 7337097
6276527 7403294
6276527 7437579
6276527 8436963
6276527 8784712
6276527 8814535
6276527 10026361
6276527 26092643
7067211 7897486
7067211 12669376
7067211 13879242
7410858 2657334
7410858 5071171
7410858 6184470
7410858 6276527
7410858 15904918
7410858 24401210
7897486 4088573
7897486 12669376
7897486 14231395
12669376 7577113
12669376 8949716
13879242 6259399
13879242 6966009
13879242 23006864
13879242 25437835
5547703 8084955
11207950 704911
11207950 705198
11207950 3102803
11207950 3450595
11207950 5547703
11207950 6220109
11207950 8390471
11207950 9153294
11207950 10338182
11207950 10412290
11207950 16741621
11207950 17723061
11207950 19185548
11207950 29881946
773569 110466
773569 457192
773569 811344
773569 1254026
773569 1667826
773569 1834979
773569 3628530
773569 10291923
773569 10988326
966312 18860
966312 24607
966312 28619
966312 53024
966312 70373
966312 153183
966312 175336
966312 196279
966312 245270
966312 295130
966312 320155
966312 333750
966312 396124
966312 417011
966312 494594
966312 543337
966312 549979
966312 568524
966312 592670
966312 596262
966312 596274
966312 652769
966312 672477
966312 700956
966312 749392
966312 773569
966312 802884
966312 848550
966312 860739
966312 876920
966312 956941
966312 987658
966312 1000942
966312 1024025
966312 1040227
966312 1109198
966312 1143590
966312 1160688
966312 1171846
966312 1172545
966312 1173936
966312 1206456
966312 1221508
966312 1234841
966312 1253718
966312 1267093
966312 1277695
966312 1277743
966312 1281348
966312 1381921
966312 1552651
966312 1560625
966312 1825485
966312 1942156
966312 1990944
966312 2190243
966312 2216750
966312 2239638
966312 2241197
966312 2345524
966312 2549967
966312 2714867
966312 2930298
966312 3314022
966312 3438339
966312 3725014
966312 4225664
966312 4531595
966312 4531711
966312 5092223
966312 5653639
966312 5796717
966312 6800565
966312 6926985
966312 7737910
966312 8425720
966312 8451455
966312 8790614
966312 9855651
966312 10123842
966312 10268318
966312 11571437
966312 12133020
966312 15354526
966312 16292140
966312 16337233
1220845 18676
1220845 310471
1220845 409013
1220845 964485
1220845 966292
1220845 967121
1220845 1075650
1220845 1100890
1220845 1103725
1220845 1238706
1220845 1281706
1220845 1549273
1220845 1618568
1220845 1888491
1220845 2586281
1220845 2666904
1220845 3683863
1220845 3859930
1220845 4586235
1220845 6553256
1220845 7548016
1220845 11224041
1220845 15017849
1381301 3542
1381301 18860
1381301 23068
1381301 36275
1381301 53024
1381301 241138
1381301 245270
1381301 342945
1381301 357794
1381301 387866
1381301 396124
1381301 416322
1381301 440661
1381301 490265
1381301 536313
1381301 582021
1381301 888911
1381301 933935
1381301 1175364
1381301 1177147
1381301 1203629
1381301 1246611
1381301 1249753
1381301 1308450
1381301 1421793
1381301 1436410
1381301 1695351
1381301 1770521
1381301 2174815
1381301 2212940
1381301 2336311
1381301 2662820
1381301 2833376
1381301 3625562
1381301 3991797
1381301 4838354
1381301 5483866
1381301 6825907
1381301 7434834
1381301 8101529
1381301 11235300
1381301 14932092
3120793 31223
3120793 230541
3120793 718512
3120793 1296785
3120793 2225492
3120793 3368530
3120793 4926038
3120793 5705967
3120793 5799374
5780122 416322
5780122 740761
5780122 843780
5780122 1191834
5780122 1344510
5780122 1381301
5780122 1701454
5780122 2077445
5780122 2092704
5780122 2733275
5780122 2818072
5780122 2819727
5780122 3244435
5780122 3481723
5780122 3705543
5780122 4204271
5780122 4392226
5780122 4397423
5780122 4492369
5780122 4770853
5780122 4838354
5780122 4969299
5780122 4987327
5780122 5267554
5780122 5766101
5780122 6365477
5780122 6553256
5780122 6825907
5780122 6957967
5780122 7149281
5780122 7720233
5780122 8189182
5780122 8402168
5780122 8487114
5780122 8561176
5780122 9070991
5780122 9108471
5780122 9149228
5780122 9153807
5780122 9161438
5780122 10404104
5780122 10633528
5780122 11065075
5780122 11091445
5780122 11435359
5780122 11900929
5780122 11908012
5780122 12015353
5780122 12404413
5780122 12478606
5780122 12479503
5780122 12964484
5780122 14756235
5780122 14799995
5780122 15158738
5780122 15170869
5780122 15380407
5780122 16462014
5780122 16631144
5780122 16657710
5780122 16744148
5780122 19304928
5780122 19471937
5780122 20569510
5780122 21275667
5780122 22152859
5780122 22999601
5780122 26536908
5780122 27944376
5780122 28836386
5780122 30697975
6553256 61791
6553256 70511
6553256 102567
6553256 119893
6553256 142293
6553256 189529
6553256 326106
6553256 339446
6553256 395179
6553256 576385
6553256 627231
6553256 888911
6553256 951021
6553256 1057198
6553256 1130906
6553256 1177147
6553256 1203629
6553256 1374629
6553256 1546130
6553256 1904312
6553256 1924757
6553256 2507027
6553256 2519143
6553256 2777414
6553256 2919707
6553256 3055937
6553256 3241190
6553256 3358854
6553256 3760952
6553256 4566939
6553256 4923858
6553256 5384915
6553256 5766101
6553256 6427392
6553256 9464981
6553256 10069808
6553256 10709657
6553256 12189046
6553256 12223691
6553256 15160174
6553256 22515877
6553256 25183176
7287321 729648
7287321 773569
7287321 4032971
7287321 7001047
7287321 15100009
7438744 5436953
7438744 7438815
7438744 7902133
7830161 343936
7830161 729648
7830161 1019875
7830161 1195774
7830161 6967779
7830161 8542856
10186223 773569
10186223 2337055
10186223 4469895
10186223 6213976
10186223 11705764
10186223 13192256
12005212 406394
12005212 773569
12005212 848649
12005212 1029298
12005212 1177147
12005212 1195774
12005212 1381301
12005212 1400393
12005212 1546130
12005212 2336717
12005212 3581877
12005212 6213976
12005212 6553256
12005212 6834931
12005212 6897625
12005212 7262715
12005212 7511560
12005212 7830161
12005212 9159564
12005212 10005367
12005212 10075390
12005212 10186223
12005212 10218208
12005212 12705669
12005212 12881837
12005212 13185826
12005212 13192273
12005212 13194019
12005212 13195160
12005212 13196436
12005212 13198901
12005212 13211219
12005212 13215298
12005212 13255192
12005212 13364980
14231395 729648
14231395 814772
14231395 848649
14231395 1381301
14231395 5241360
14231395 5657420
14231395 7830161
15170558 9159564
15345573 53024
15345573 620768
15345573 773569
15345573 905434
15345573 1021214
15345573 4835507
15345573 5493592
15345573 6429879
15345573 6500147
15345573 6508763
15345573 6732524
15345573 6944231
15345573 8098405
15345573 8787969
15345573 8919794
15345573 11918982
15345573 11927579
15345573 11932463
15345573 22420057
16469793 1149687
16469793 1279609
16469793 4921183
16984648 5549868
16984648 15869454
26139180 3724995
26139180 8189182
26139180 9162943
26139180 10414372
26139180 11005114
26139180 12154770
26139180 13288274
26139180 13834251
26139180 14088217
26139180 15662685
26139180 16147671
26139180 17809269
26139180 17977525
26139180 18079554
26139180 18119160
26139180 18650945
26139180 20255408
26139180 20561825
26139180 20882119
26139180 23162601
26139180 25664151
26139180 25763546
26139180 26537914
26139180 27918360
26139180 29626776
26139180 29645223
26139180 30013709
26139180 30018431
26139180 30019142
26139180 30019776
26139180 30023086
26139180 30023893
26139180 30024507
26139180 30043106
26139180 30563669
26139180 31511522
26139180 31907534
26139180 32172282
26139180 32567190
26139180 32809518
26139180 33917195
26139180 34226907
26139180 39693118
32486130 1308450
32486130 1381301
1756788 4689
1756788 25254
1756788 64487
1756788 66073
1756788 66577
1756788 110106
1756788 110953
1756788 170270
1756788 225030
1756788 241138
1756788 245270
1756788 384156
1756788 471934
1756788 1135439
1756788 1163840
1756788 2108496
1756788 2336311
1756788 2363671
1756788 2434648
1756788 3008778
1756788 3320660
1756788 3860273
1756788 10428467
1756788 11472326
5479962 1073082
5479962 1756788
5479962 1908510
5479962 2108496
5479962 2872094
5479962 2891235
5479962 3125407
5479962 3320660
5479962 3353177
5479962 3832986
5479962 3889585
5479962 3964454
5479962 4231697
5479962 4462381
5479962 4957468
5479962 5005915
5479962 5158896
5479962 5207252
5479962 5551471
5479962 5564756
5479962 5653520
5479962 5716433
5479962 6553274
5479962 8834733
5479962 9161001
5479962 9162726
5479962 9163305
5479962 10403302
5479962 13241674
5479962 18442649
8849142 410647
8849142 536313
8849142 2577440
8849142 2715000
8849142 3397377
8849142 4828553
8849142 5158896
8849142 5479962
8849142 6523975
8849142 6823040
8849142 7030671
8849142 9159564
8849142 9162726
8849142 9162943
8849142 13428700
8849142 13834251
8849142 15170558
6213976 119893
6213976 144984
6213976 195836
6213976 290496
6213976 357794
6213976 810438
6213976 905434
6213976 1018313
6213976 1024025
6213976 1596656
6213976 1643453
6213976 2592205
6213976 3062168
6213976 3362991
6213976 3396774
6213976 3734415
6213976 3744223
6213976 4017711
6213976 5119133
6213976 5158896
6213976 5351546
6213976 5547703
6213976 5785188
6213976 6073368
6213976 6523975
6213976 6679526
6213976 6897625
6213976 7030671
6213976 7812032
6213976 8785750
6213976 10350359
6213976 10905817
6213976 12371558
6213976 13306136
6213976 13815603
6213976 16845939
6213976 17132437
6213976 17147029
6213976 17150813
6213976 17777309
6213976 17894160
6213976 18113994
6213976 25676463
